year = [31 28 31 30 31 30 31 31 30 31 30 31]; 
% year_sum = 0;
% for j = 1 : 12
%     year_sum = year_sum + year(j);
% end
%time_gap = 30;

%%%%IMPORTANT!!!!
%%%%Our day start at 10 am and it last 24 hours.
%%%%So, our day starts at 10am and finishes at 10am

Solar_norm =	[193  259	  385	  320	  319	  386	  489	  439	  359	  289	  197	  183;	
                249	  290	  399	  322	  312	  361	  511	  460	  378	  327	  203	  223;	
                267	  295	  394	  321	  312	  334	  530	  453	  374	  326	  184	  233;	
                266	  297	  398	  337	  332	  321	  518	  460	  385	  314	  182	  214;	
                236	  275	  371	  343	  339	  314	  507	  441	  379	  264	  147	  180;	
                161	  211	  313	  321	  322	  316	  458	  413	  349	  184	  104	   84;                
                24	  108	  197	  236	  274	  274	  395	  336	  240	   53	    3	    0;                
                0	    0	   52	  123	  172	  186	  280	  202	   71	    0	    0	    0;                
                0	    0	    0	    8	   50	   75	  108	   35	    0	    0	    0	    0;                
                0	    0	    0	    0	    0	    0	    0	    0	    0	    0	    0	    0;                
                0	    0	    0	    0	    0	    0	    0	    0	    0	    0	    0	    0;                
                0	    0	    0	    0	    0	    0	    0	    0	    0	    0	    0	    0;                
                0	    0	    0	    0	    0	    0	    0	    0	    0	    0	    0	    0;                
                0	    0	    0	    0	    0	    0	    0	    0	    0	    0	    0	    0;
                0	    0	    0	    0	    0	    0	    0	    0	    0	    0	    0	    0;	
                0	    0	    0	    0	    0	    0	    0	    0	    0	    0	    0	    0;	                
                0	    0	    0	    0	    0	    0	    0	    0	    0	    0	    0	    0;	
                0	    0	    0	    0	    0	    0	    0	    0	    0	    0	    0	    0;	
                0	    0	    0	    0	    0	    0	    0	    0	    0	    0	    0	    0;	
                0	    0	    0	    0	    0	    1	    0	    0	    0	    0	    0	    0;	
                0	    0	    0	   27	   70	   86	  120	   34	    1	    0	    0	    0;	
                0	    0	   49	  128	  164	  206	  263	  172	  113	   18	    0	    0;	
                7	   63	  206	  223	  250	  302	  388	  296	  237	  125	   64	    8;	
                92	  182	  300	  289	  305	  369	  446	  382	  310	  220	  168	  100];  %[Wh/m^2]
Solar_norm =   Solar_norm/3600; %[W/m^2]
Solar_norm =   Solar_norm/1000; %[kW/m^2]
%Solar_norm =   Solar_norm*10;

Solar_normW =	[0	    0	    0	    0	    0	    0	    0	    0	    0	    0	    0	    0;	
                0	    0	    0	    0	    0	    0	    0	    0	    0	    0	    0	    0;	
                267	  295	  394	  321	  312	  334	  530	  453	  374	  326	  184	  233;	
                266	  297	  398	  337	  332	  321	  518	  460	  385	  314	  182	  214;	
                236	  275	  371	  343	  339	  314	  507	  441	  379	  264	  147	  180;	
                161	  211	  313	  321	  322	  316	  458	  413	  349	  184	  104	   84;                
                24	  108	  197	  236	  274	  274	  395	  336	  240	   53	    3	    0;                
                0	    0	   52	  123	  172	  186	  280	  202	   71	    0	    0	    0;                
                0	    0	    0	    8	   50	   75	  108	   35	    0	    0	    0	    0;                
                0	    0	    0	    0	    0	    0	    0	    0	    0	    0	    0	    0;                
                0	    0	    0	    0	    0	    0	    0	    0	    0	    0	    0	    0;                
                0	    0	    0	    0	    0	    0	    0	    0	    0	    0	    0	    0;                
                0	    0	    0	    0	    0	    0	    0	    0	    0	    0	    0	    0;                
                0	    0	    0	    0	    0	    0	    0	    0	    0	    0	    0	    0;
                0	    0	    0	    0	    0	    0	    0	    0	    0	    0	    0	    0;	
                0	    0	    0	    0	    0	    0	    0	    0	    0	    0	    0	    0;	                
                0	    0	    0	    0	    0	    0	    0	    0	    0	    0	    0	    0;	
                0	    0	    0	    0	    0	    0	    0	    0	    0	    0	    0	    0;	
                0	    0	    0	    0	    0	    0	    0	    0	    0	    0	    0	    0;	
                0	    0	    0	    0	    0	    0	    0	    0	    0	    0	    0	    0;	
                0	    0	    0	    0	    0	    0	    0	    0	    0	    0	    0	    0;	
                0	    0	    0	    0	    0	    0	    0	    0	    0	    0	    0	    0;	
                0	    0	    0	    0	    0	    0	    0	    0	    0	    0	    0	    0;	
                0	    0	    0	    0	    0	    0	    0	    0	    0	    0	    0	    0];  %[Wh/m^2]
Solar_normW =   Solar_normW/3600; %[W/m^2]
Solar_normW =   Solar_normW/1000; %[kW/m^2]
%Solar_normW =   Solar_normW*10;

Solar_normE =	[193  259	  385	  320	  319	  386	  489	  439	  359	  289	  197	  183;	
                249	  290	  399	  322	  312	  361	  511	  460	  378	  327	  203	  223;	
                0	    0	    0	    0	    0	    0	    0	    0	    0	    0	    0	    0;	
                0	    0	    0	    0	    0	    0	    0	    0	    0	    0	    0	    0;	
                0	    0	    0	    0	    0	    0	    0	    0	    0	    0	    0	    0;	
                0	    0	    0	    0	    0	    0	    0	    0	    0	    0	    0	    0;	
                0	    0	    0	    0	    0	    0	    0	    0	    0	    0	    0	    0;	
                0	    0	    0	    0	    0	    0	    0	    0	    0	    0	    0	    0;	
                0	    0	    0	    0	    0	    0	    0	    0	    0	    0	    0	    0;	
                0	    0	    0	    0	    0	    0	    0	    0	    0	    0	    0	    0;                
                0	    0	    0	    0	    0	    0	    0	    0	    0	    0	    0	    0;                
                0	    0	    0	    0	    0	    0	    0	    0	    0	    0	    0	    0;                
                0	    0	    0	    0	    0	    0	    0	    0	    0	    0	    0	    0;                
                0	    0	    0	    0	    0	    0	    0	    0	    0	    0	    0	    0;
                0	    0	    0	    0	    0	    0	    0	    0	    0	    0	    0	    0;	
                0	    0	    0	    0	    0	    0	    0	    0	    0	    0	    0	    0;	                
                0	    0	    0	    0	    0	    0	    0	    0	    0	    0	    0	    0;	
                0	    0	    0	    0	    0	    0	    0	    0	    0	    0	    0	    0;	
                0	    0	    0	    0	    0	    0	    0	    0	    0	    0	    0	    0;	
                0	    0	    0	    0	    0	    1	    0	    0	    0	    0	    0	    0;	
                0	    0	    0	   27	   70	   86	  120	   34	    1	    0	    0	    0;	
                0	    0	   49	  128	  164	  206	  263	  172	  113	   18	    0	    0;	
                7	   63	  206	  223	  250	  302	  388	  296	  237	  125	   64	    8;	
                92	  182	  300	  289	  305	  369	  446	  382	  310	  220	  168	  100];  %[Wh/m^2]
Solar_normE =   Solar_normE/3600; %[W/m^2]
Solar_normE =   Solar_normE/1000; %[kW/m^2]
%Solar_normE =   Solar_normE*10;


